0
0
0
0
0
0
0
0
0
0
0
0
0
0
0
0
0
0
0
0
0
0
0
0
0
0
0
0
0
0
0
0
0
0
0
0
0
0
0
0
0
0
0
0
0
0
0
0
0
0
0
0
0
0
0
0
0
0
0
0
0
0
0
0
0
0
0
0
0
1
-33
1
-33
2
-31
-33
1
-31
1
-31
0
0
0
0
0
0
0
0
0
0
1
-18
2
-33
-18
1
-18
2
-31
-33
1
-14
2
-31
-14
1
-14
0
0
0
0
0
0
0
0
0
1
-18
1
-33
2
-18
-33
2
-31
-33
2
-14
-31
1
-31
1
-14
0
0
0
0
0
0
0
0
0
2
14
-18
2
14
-18
2
14
-18
0
2
18
-14
2
18
-14
2
18
-14
0
0
0
0
0
0
0
0
0
1
14
1
31
2
31
14
2
33
31
2
18
33
1
33
1
18
0
0
0
0
0
0
0
0
0
1
14
2
14
31
1
14
2
33
31
1
18
2
18
33
1
18
0
0
0
0
0
0
0
0
0
0
1
31
1
31
2
33
31
1
33
1
33
0
0
0
0
0
0
0
0
0
0
0
0
0
0
0
0
0
0
0
0
0
0
0
0
0
0
0
0
0
0
0
0
0
0
0
0
0
0
0
0
0
0
0
0
0
0
0
0
0
0
0
0
0
0
0
0
0
0
0
0
0
0
0
0
0
0
0
0
0
0
0
0
0
0
0
0
0
0
0
0
0
0
0
0
0
0
1
-102
1
-102
1
-102
0
0
0
0
0
0
0
0
0
1
-90
1
-90
1
-90
0
1
-102
1
-85
1
-85
1
-85
0
0
0
0
0
0
0
1
-75
1
-75
1
-75
1
-90
0
1
-102
1
-85
1
-68
1
-68
1
-68
0
0
0
0
0
1
-60
1
-60
1
-60
1
-75
1
-90
0
0
1
-85
1
-68
1
-51
1
-51
1
-51
0
0
0
1
-45
1
-45
1
-45
1
-60
1
-75
0
0
0
0
1
-68
1
-51
1
-34
1
-34
1
-34
0
1
-30
1
-30
1
-30
1
-45
1
-60
0
0
0
0
0
0
1
-51
1
-34
1
-17
1
-17
2
-15
-17
1
-15
1
-15
1
-30
1
-45
0
0
0
0
0
0
0
0
1
-34
1
-17
1
-34
2
-15
-17
1
-30
1
-15
1
-30
0
0
0
0
0
0
0
0
0
0
2
15
-17
2
15
-17
2
17
15
2
17
-15
2
17
-15
0
0
0
0
0
0
0
0
0
0
1
30
1
15
1
30
2
17
15
1
34
1
17
1
34
0
0
0
0
0
0
0
0
1
45
1
30
1
15
1
15
2
17
15
1
17
1
17
1
34
1
51
0
0
0
0
0
0
1
60
1
45
1
30
1
30
1
30
0
1
34
1
34
1
34
1
51
1
68
0
0
0
0
1
75
1
60
1
45
1
45
1
45
0
0
0
1
51
1
51
1
51
1
68
1
85
0
0
1
90
1
75
1
60
1
60
1
60
0
0
0
0
0
1
68
1
68
1
68
1
85
1
102
0
1
90
1
75
1
75
1
75
0
0
0
0
0
0
0
1
85
1
85
1
85
1
102
0
1
90
1
90
1
90
0
0
0
0
0
0
0
0
0
1
102
1
102
1
102
0
0
0
0
0
0
0
0
0
0
0
0
0
0
0
0
0
0
0
0
0
0
0
1
-96
1
-96
1
-96
0
0
0
0
0
0
0
0
0
0
0
0
0
1
-80
1
-80
1
-80
0
0
0
0
0
0
0
0
0
0
0
0
0
1
-64
1
-64
1
-64
0
0
0
0
0
0
0
0
0
0
0
0
0
1
-48
1
-48
1
-48
0
0
0
0
0
0
0
0
0
0
0
0
0
1
-32
1
-32
1
-32
0
0
0
0
0
0
0
0
0
0
0
0
0
1
-16
1
-16
1
-16
0
0
0
0
0
0
0
1
-6
1
-5
1
-4
1
-3
1
-2
1
-1
2
-16
-1
2
1
-1
2
-16
1
1
1
1
2
1
3
1
4
1
5
1
6
0
1
-6
1
-5
1
-4
1
-3
1
-2
1
-1
2
16
-2
2
1
16
2
2
16
1
1
1
2
1
3
1
4
1
5
1
6
0
1
-6
1
-5
1
-4
1
-3
1
-2
1
-1
2
-1
16
2
1
32
2
1
16
1
1
1
2
1
3
1
4
1
5
1
6
0
0
0
0
0
0
0
1
16
1
16
1
16
0
0
0
0
0
0
0
0
0
0
0
0
0
1
32
1
32
1
32
0
0
0
0
0
0
0
0
0
0
0
0
0
1
48
1
48
1
48
0
0
0
0
0
0
0
0
0
0
0
0
0
1
64
1
64
1
64
0
0
0
0
0
0
0
0
0
0
0
0
0
1
80
1
80
1
80
0
0
0
0
0
0
0
0
0
0
0
0
0
1
96
1
96
1
96
0
0
0
0
0
0
0
0
0
0
0
0
0
0
0
0
0
0
0
0
0
0
0
1
-102
1
-102
1
-102
0
0
0
1
-96
1
-96
1
-96
0
0
0
1
-90
1
-90
1
-90
0
1
-102
1
-85
1
-85
1
-85
0
0
1
-80
1
-80
1
-80
0
0
1
-75
1
-75
1
-75
1
-90
0
1
-102
1
-85
1
-68
1
-68
1
-68
0
1
-64
1
-64
1
-64
0
1
-60
1
-60
1
-60
1
-75
1
-90
0
0
1
-85
1
-68
1
-51
1
-51
1
-51
1
-48
1
-48
1
-48
1
-45
1
-45
1
-45
1
-60
1
-75
0
0
0
0
1
-68
1
-51
1
-34
1
-34
2
-32
-34
1
-32
2
-32
-30
1
-30
1
-30
1
-45
1
-60
0
0
0
0
0
0
1
-51
1
-34
1
-17
2
-17
-16
2
-16
-15
2
-16
-15
1
-15
1
-30
1
-45
0
0
0
0
1
-6
1
-5
1
-4
1
-3
2
-2
-34
2
-17
-1
2
-16
-1
2
-15
1
2
-16
1
2
-15
1
2
2
-30
1
3
1
4
1
5
1
6
0
1
-6
1
-5
1
-4
1
-3
1
-2
2
-1
15
2
15
16
2
1
16
2
2
16
2
1
17
1
2
1
3
1
4
1
5
1
6
0
1
-6
1
-5
1
-4
1
-3
2
-2
30
2
-1
15
2
-1
16
2
1
32
2
1
16
2
1
17
2
2
34
1
3
1
4
1
5
1
6
0
0
0
0
1
45
1
30
1
15
2
15
16
2
16
17
2
16
17
1
17
1
34
1
51
0
0
0
0
0
0
1
60
1
45
1
30
1
30
2
32
30
1
32
2
32
34
1
34
1
34
1
51
1
68
0
0
0
0
1
75
1
60
1
45
1
45
1
45
1
48
1
48
1
48
1
51
1
51
1
51
1
68
1
85
0
0
1
90
1
75
1
60
1
60
1
60
0
1
64
1
64
1
64
0
1
68
1
68
1
68
1
85
1
102
0
1
90
1
75
1
75
1
75
0
0
1
80
1
80
1
80
0
0
1
85
1
85
1
85
1
102
0
1
90
1
90
1
90
0
0
0
1
96
1
96
1
96
0
0
0
1
102
1
102
1
102
0
0
0
0
0
0
0
0
0
0
0
0
0
0
0
0
0
